time	nose_x	nose_y	r_shoulder_x	r_shoulder_y	l_shoulder_x	l_shooulder_t	cursor_x	cursor_y	block	repetition	target	trial	state	comeback	is_blind	at_home	count_mouse	score
0.9618999999947846	0.0	0.0	0.0	0.0	0.0	0.0	600.0	325.0	1	1	0	1	0	1	0	1	0	0
104.68539999999484	0.0	0.0	0.0	0.0	0.0	0.0	600.0	325.0	1	1	0	1	0	1	0	1	0	0
138.58589999999822	0.0	0.0	0.0	0.0	0.0	0.0	1.9218513451480128	1.7783055671697439	1	1	0	1	0	1	0	1	0	0
173.61260000000038	0.0	0.0	0.0	0.0	0.0	0.0	1.9218513451480128	1.7783055671697439	1	1	0	1	0	1	0	1	0	0
208.5864999999976	0.0	0.0	0.0	0.0	0.0	0.0	1.9218513451480128	1.7783055671697439	1	1	0	1	0	1	0	1	0	0
242.59330000000045	0.0	0.0	0.0	0.0	0.0	0.0	1.9218513451480128	1.7783055671697439	1	1	0	1	0	1	0	1	0	0
276.5861999999979	0.0	0.0	0.0	0.0	0.0	0.0	1.9218513451480128	1.7783055671697439	1	1	0	1	0	1	0	1	0	0
310.58350000000064	0.0	0.0	0.0	0.0	0.0	0.0	1.9218513451480128	1.7783055671697439	1	1	0	1	0	1	0	1	0	0
344.58870000000024	0.0	0.0	0.0	0.0	0.0	0.0	1.9218513451480128	1.7783055671697439	1	1	0	1	0	1	0	1	0	0
378.5642000000007	0.0	0.0	0.0	0.0	0.0	0.0	1.9218513451480128	1.7783055671697439	1	1	0	1	0	1	0	1	0	0
412.5824999999968	0.0	0.0	0.0	0.0	0.0	0.0	1.9218513451480128	1.7783055671697439	1	1	0	1	0	1	0	1	0	0
446.57799999999406	0.0	0.0	0.0	0.0	0.0	0.0	1.9218513451480128	1.7783055671697439	1	1	0	1	0	1	0	1	0	0
480.58380000000034	0.0	0.0	0.0	0.0	0.0	0.0	1.9218513451480128	1.7783055671697439	1	1	0	1	0	1	0	1	0	0
613.3188999999984	0.0	0.0	0.0	0.0	0.0	0.0	1.9218513451480128	1.7783055671697439	1	1	0	1	0	1	0	1	0	0
665.7181999999957	0.0	0.0	0.0	0.0	0.0	0.0	1.9218513451480128	1.7783055671697439	1	1	0	1	0	1	0	1	0	0
699.5849999999991	0.48747140169143677	0.3247652053833008	0.13398271799087524	0.7941566705703735	0.8816498517990112	0.8092710971832275	11.41201940436607	10.56983006951821	1	1	0	1	0	1	0	1	0	0
733.5874999999942	0.48747140169143677	0.3247652053833008	0.13398271799087524	0.7941566705703735	0.8816498517990112	0.8092710971832275	11.41201940436607	10.56983006951821	1	1	0	1	0	1	0	1	0	0
770.6244000000006	0.48747140169143677	0.3247652053833008	0.13398271799087524	0.7941566705703735	0.8816498517990112	0.8092710971832275	11.41201940436607	10.56983006951821	1	1	0	1	0	1	0	1	0	0
805.9320999999982	0.48747140169143677	0.3247652053833008	0.13398271799087524	0.7941566705703735	0.8816498517990112	0.8092710971832275	33.592563202373675	31.149711079015287	1	1	0	1	0	1	0	1	0	0
840.1406999999963	0.48747140169143677	0.3247652053833008	0.13398271799087524	0.7941566705703735	0.8816498517990112	0.8092710971832275	33.592563202373675	31.149711079015287	1	1	0	1	0	1	0	1	0	0
874.1771999999983	0.48747140169143677	0.3247652053833008	0.13398271799087524	0.7941566705703735	0.8816498517990112	0.8092710971832275	33.592563202373675	31.149711079015287	1	1	0	1	0	1	0	1	0	0
908.1532999999981	0.49479585886001587	0.3499762713909149	0.16868266463279724	0.8034555912017822	0.8955773115158081	0.8140528202056885	68.80566751070832	63.81350727307939	1	1	0	1	0	1	0	1	0	0
942.1680999999953	0.49479585886001587	0.3499762713909149	0.16868266463279724	0.8034555912017822	0.8955773115158081	0.8140528202056885	68.80566751070832	63.81350727307939	1	1	0	1	0	1	0	1	0	0
976.1826999999976	0.49479585886001587	0.3499762713909149	0.16868266463279724	0.8034555912017822	0.8955773115158081	0.8140528202056885	68.80566751070832	63.81350727307939	1	1	0	1	0	1	0	1	0	0
1010.2145999999993	0.49479585886001587	0.3499762713909149	0.16868266463279724	0.8034555912017822	0.8955773115158081	0.8140528202056885	68.80566751070832	63.81350727307939	1	1	0	1	0	1	0	1	0	0
1044.1559999999954	0.5026898384094238	0.34457361698150635	0.18134817481040955	0.8062410354614258	0.8952244520187378	0.8118653893470764	114.55434971660084	106.06120639642886	1	1	0	1	0	1	0	1	0	0
1078.1496999999945	0.5026898384094238	0.34457361698150635	0.18134817481040955	0.8062410354614258	0.8952244520187378	0.8118653893470764	114.55434971660084	106.06120639642886	1	1	0	1	0	1	0	1	0	0
1112.1484999999957	0.5026898384094238	0.34457361698150635	0.18134817481040955	0.8062410354614258	0.8952244520187378	0.8118653893470764	114.55434971660084	106.06120639642886	1	1	0	1	0	1	0	1	0	0
1146.1448999999993	0.5026898384094238	0.34457361698150635	0.18134817481040955	0.8062410354614258	0.8952244520187378	0.8118653893470764	114.55434971660084	106.06120639642886	1	1	0	1	0	1	0	1	0	0
1180.6075999999957	0.529219925403595	0.31547224521636963	0.18365466594696045	0.8073215484619141	0.911162257194519	0.8079774379730225	167.6667978317654	154.84769601619647	1	1	0	1	0	1	0	1	0	0
1214.9328999999998	0.529219925403595	0.31547224521636963	0.18365466594696045	0.8073215484619141	0.911162257194519	0.8079774379730225	167.6667978317654	154.84769601619647	1	1	0	1	0	1	0	1	0	0
1248.9398999999976	0.529219925403595	0.31547224521636963	0.18365466594696045	0.8073215484619141	0.911162257194519	0.8079774379730225	167.6667978317654	154.84769601619647	1	1	0	1	0	1	0	1	0	0
1282.9157999999952	0.529219925403595	0.31547224521636963	0.18365466594696045	0.8073215484619141	0.911162257194519	0.8079774379730225	167.6667978317654	154.84769601619647	1	1	0	1	0	1	0	1	0	0
1316.9418000000005	0.5283522009849548	0.3195187747478485	0.19193756580352783	0.7837133407592773	0.8980482220649719	0.7989628314971924	224.5468734938074	207.18746343206675	1	1	0	1	0	1	0	1	0	0
1350.9202000000005	0.5283522009849548	0.3195187747478485	0.19193756580352783	0.7837133407592773	0.8980482220649719	0.7989628314971924	224.5468734938074	207.18746343206675	1	1	0	1	0	1	0	1	0	0
1384.9530999999988	0.5283522009849548	0.3195187747478485	0.19193756580352783	0.7837133407592773	0.8980482220649719	0.7989628314971924	224.5468734938074	207.18746343206675	1	1	0	1	0	1	0	1	0	0
1422.2360999999946	0.5283522009849548	0.3195187747478485	0.19193756580352783	0.7837133407592773	0.8980482220649719	0.7989628314971924	224.5468734938074	207.18746343206675	1	1	0	1	0	1	0	1	0	0
1455.9373999999953	0.5283522009849548	0.3195187747478485	0.19193756580352783	0.7837133407592773	0.8980482220649719	0.7989628314971924	281.66056558139275	260.40898950999804	1	1	0	1	0	1	0	1	0	0
1489.943299999999	0.5283522009849548	0.3195187747478485	0.19193756580352783	0.7837133407592773	0.8980482220649719	0.7989628314971924	281.66056558139275	260.40898950999804	1	1	0	1	0	1	0	1	0	0
1524.0069000000003	0.5283522009849548	0.3195187747478485	0.19193756580352783	0.7837133407592773	0.8980482220649719	0.7989628314971924	281.66056558139275	260.40898950999804	1	1	0	1	0	1	0	1	0	0
1561.2327000000005	0.5140916109085083	0.3150409460067749	0.18375128507614136	0.7847338914871216	0.9080380201339722	0.8136727809906006	336.0565555472648	312.19069388580215	1	1	0	1	0	1	0	1	0	0
1596.1466999999975	0.5140916109085083	0.3150409460067749	0.18375128507614136	0.7847338914871216	0.9080380201339722	0.8136727809906006	336.0565555472648	312.19069388580215	1	1	0	1	0	1	0	1	0	0
1630.9441000000006	0.5140916109085083	0.3150409460067749	0.18375128507614136	0.7847338914871216	0.9080380201339722	0.8136727809906006	336.0565555472648	312.19069388580215	1	1	0	1	0	1	0	1	0	0
1664.962599999999	0.5140916109085083	0.3150409460067749	0.18375128507614136	0.7847338914871216	0.9080380201339722	0.8136727809906006	336.0565555472648	312.19069388580215	1	1	0	1	0	1	0	1	0	0
1700.9369000000006	0.5121840238571167	0.31998252868652344	0.18448150157928467	0.7819116115570068	0.9018558263778687	0.8111326694488525	385.56390163996616	360.6294727650913	1	1	0	1	0	1	0	1	0	0
1735.9272999999957	0.5121840238571167	0.31998252868652344	0.18448150157928467	0.7819116115570068	0.9018558263778687	0.8111326694488525	385.56390163996616	360.6294727650913	1	1	0	1	0	1	0	1	0	0
1769.9278999999951	0.5121840238571167	0.31998252868652344	0.18448150157928467	0.7819116115570068	0.9018558263778687	0.8111326694488525	385.56390163996616	360.6294727650913	1	1	0	1	0	1	0	1	0	0
1804.0090999999957	0.5121840238571167	0.31998252868652344	0.18448150157928467	0.7819116115570068	0.9018558263778687	0.8111326694488525	385.56390163996616	360.6294727650913	1	1	0	1	0	1	0	1	0	0
1837.9611000000004	0.5122250914573669	0.32605838775634766	0.17765098810195923	0.7728010416030884	0.9062994718551636	0.8066180944442749	428.77280699303617	404.2824593840838	1	1	0	1	0	1	0	1	0	0
1871.9760999999999	0.5122250914573669	0.32605838775634766	0.17765098810195923	0.7728010416030884	0.9062994718551636	0.8066180944442749	428.77280699303617	404.2824593840838	1	1	0	1	0	1	0	1	0	0
1906.9464999999982	0.5122250914573669	0.32605838775634766	0.17765098810195923	0.7728010416030884	0.9062994718551636	0.8066180944442749	428.77280699303617	404.2824593840838	1	1	0	1	0	1	0	1	0	0
1941.9396999999954	0.5122250914573669	0.32605838775634766	0.17765098810195923	0.7728010416030884	0.9062994718551636	0.8066180944442749	428.77280699303617	404.2824593840838	1	1	0	1	0	1	0	1	0	0
1975.9317999999985	0.5122250914573669	0.32605838775634766	0.17765098810195923	0.7728010416030884	0.9062994718551636	0.8066180944442749	464.9320810309715	442.1606652957911	1	1	0	1	0	1	0	1	0	0
2009.9223999999958	0.5122250914573669	0.32605838775634766	0.17765098810195923	0.7728010416030884	0.9062994718551636	0.8066180944442749	464.9320810309715	442.1606652957911	1	1	0	1	0	1	0	1	0	0
2044.3076	0.5122250914573669	0.32605838775634766	0.17765098810195923	0.7728010416030884	0.9062994718551636	0.8066180944442749	464.9320810309715	442.1606652957911	1	1	0	1	0	1	0	1	0	0
2078.5985999999975	0.5122250914573669	0.32605838775634766	0.17765098810195923	0.7728010416030884	0.9062994718551636	0.8066180944442749	464.9320810309715	442.1606652957911	1	1	0	1	0	1	0	1	0	0
2113.2860999999975	0.5142745971679688	0.3211558163166046	0.18875151872634888	0.798349916934967	0.9112318754196167	0.8132551908493042	493.8083186929282	473.71273350551195	1	1	0	1	0	1	0	1	0	0
2147.278599999998	0.5142745971679688	0.3211558163166046	0.18875151872634888	0.798349916934967	0.9112318754196167	0.8132551908493042	493.8083186929282	473.71273350551195	1	1	0	1	0	1	0	1	0	0
2181.367999999995	0.5142745971679688	0.3211558163166046	0.18875151872634888	0.798349916934967	0.9112318754196167	0.8132551908493042	493.8083186929282	473.71273350551195	1	1	0	1	0	1	0	1	0	0
2215.2484999999942	0.5142745971679688	0.3211558163166046	0.18875151872634888	0.798349916934967	0.9112318754196167	0.8132551908493042	493.8083186929282	473.71273350551195	1	1	0	1	0	1	0	1	0	0
2249.2785000000003	0.5262401700019836	0.32639849185943604	0.18867403268814087	0.800882875919342	0.9100645780563354	0.8065885305404663	515.5613123981268	498.7722091764033	1	1	0	1	0	1	0	1	0	0
2283.312899999997	0.5262401700019836	0.32639849185943604	0.18867403268814087	0.800882875919342	0.9100645780563354	0.8065885305404663	515.5613123981268	498.7722091764033	1	1	0	1	0	1	0	1	0	0
2317.2804999999935	0.5262401700019836	0.32639849185943604	0.18867403268814087	0.800882875919342	0.9100645780563354	0.8065885305404663	515.5613123981268	498.7722091764033	1	1	0	1	0	1	0	1	0	0
2356.3634999999995	0.5262401700019836	0.32639849185943604	0.18867403268814087	0.800882875919342	0.9100645780563354	0.8065885305404663	515.5613123981268	498.7722091764033	1	1	0	1	0	1	0	1	0	0
2391.3055999999997	0.5262401700019836	0.32639849185943604	0.18867403268814087	0.800882875919342	0.9100645780563354	0.8065885305404663	530.6464069028832	517.4890621399359	1	1	0	1	0	1	0	1	0	0
2425.278099999996	0.5262401700019836	0.32639849185943604	0.18867403268814087	0.800882875919342	0.9100645780563354	0.8065885305404663	530.6464069028832	517.4890621399359	1	1	0	1	0	1	0	1	0	0
2459.2586999999985	0.5262401700019836	0.32639849185943604	0.18867403268814087	0.800882875919342	0.9100645780563354	0.8065885305404663	530.6464069028832	517.4890621399359	1	1	0	1	0	1	0	1	0	0
2498.3174999999974	0.5262401700019836	0.32639849185943604	0.18867403268814087	0.800882875919342	0.9100645780563354	0.8065885305404663	530.6464069028832	517.4890621399359	1	1	0	1	0	1	0	1	0	0
2532.272499999999	0.5584895014762878	0.32674095034599304	0.20638558268547058	0.7944380044937134	0.9242081642150879	0.8181525468826294	539.6798519032789	530.270331202936	1	1	0	1	0	1	0	1	0	0
2566.310599999997	0.5584895014762878	0.32674095034599304	0.20638558268547058	0.7944380044937134	0.9242081642150879	0.8181525468826294	539.6798519032789	530.270331202936	1	1	0	1	0	1	0	1	0	0
2600.268599999996	0.5584895014762878	0.32674095034599304	0.20638558268547058	0.7944380044937134	0.9242081642150879	0.8181525468826294	539.6798519032789	530.270331202936	1	1	0	1	0	1	0	1	0	0
2634.253899999996	0.607238233089447	0.3199036419391632	0.20158031582832336	0.8062160015106201	0.9223300814628601	0.8096327185630798	543.2064444265563	537.7160285971049	1	1	0	1	0	1	0	1	0	0
2668.2716999999975	0.607238233089447	0.3199036419391632	0.20158031582832336	0.8062160015106201	0.9223300814628601	0.8096327185630798	543.2064444265563	537.7160285971049	1	1	0	1	0	1	0	1	0	0
2702.2975000000006	0.607238233089447	0.3199036419391632	0.20158031582832336	0.8062160015106201	0.9223300814628601	0.8096327185630798	543.2064444265563	537.7160285971049	1	1	0	1	0	1	0	1	0	0
2736.3683999999994	0.607238233089447	0.3199036419391632	0.20158031582832336	0.8062160015106201	0.9223300814628601	0.8096327185630798	543.2064444265563	537.7160285971049	1	1	0	1	0	1	0	1	0	0
2770.3531999999977	0.607238233089447	0.3199036419391632	0.20158031582832336	0.8062160015106201	0.9223300814628601	0.8096327185630798	541.6077322402512	540.5688900230007	1	1	0	1	0	1	0	1	0	0
2804.4853999999978	0.607238233089447	0.3199036419391632	0.20158031582832336	0.8062160015106201	0.9223300814628601	0.8096327185630798	541.6077322402512	540.5688900230007	1	1	0	1	0	1	0	1	0	0
2838.485999999997	0.607238233089447	0.3199036419391632	0.20158031582832336	0.8062160015106201	0.9223300814628601	0.8096327185630798	541.6077322402512	540.5688900230007	1	1	0	1	0	1	0	1	0	0
2872.4535999999935	0.607238233089447	0.3199036419391632	0.20158031582832336	0.8062160015106201	0.9223300814628601	0.8096327185630798	541.6077322402512	540.5688900230007	1	1	0	1	0	1	0	1	0	0
2906.466099999998	0.6714136600494385	0.3313060998916626	0.20433232188224792	0.8330496549606323	0.9274660348892212	0.842584490776062	535.2549779842659	539.6227513324565	1	1	0	1	0	1	0	1	0	0
2941.3875999999946	0.6714136600494385	0.3313060998916626	0.20433232188224792	0.8330496549606323	0.9274660348892212	0.842584490776062	535.2549779842659	539.6227513324565	1	1	0	1	0	1	0	1	0	0
2975.4196999999986	0.6714136600494385	0.3313060998916626	0.20433232188224792	0.8330496549606323	0.9274660348892212	0.842584490776062	535.2549779842659	539.6227513324565	1	1	0	1	0	1	0	1	0	0
3009.411899999999	0.6714136600494385	0.3313060998916626	0.20433232188224792	0.8330496549606323	0.9274660348892212	0.842584490776062	535.2549779842659	539.6227513324565	1	1	0	1	0	1	0	1	0	0
3043.3975999999966	0.7552887201309204	0.3469187915325165	0.24523690342903137	0.8331506252288818	0.9486188888549805	0.8335561752319336	524.4681526506281	535.5224755817574	1	1	0	1	0	1	0	1	0	0
3077.258399999999	0.7552887201309204	0.3469187915325165	0.24523690342903137	0.8331506252288818	0.9486188888549805	0.8335561752319336	524.4681526506281	535.5224755817574	1	1	0	1	0	1	0	1	0	0
3111.241299999994	0.7552887201309204	0.3469187915325165	0.24523690342903137	0.8331506252288818	0.9486188888549805	0.8335561752319336	524.4681526506281	535.5224755817574	1	1	0	1	0	1	0	1	0	0
3151.6280999999944	0.7552887201309204	0.3469187915325165	0.24523690342903137	0.8331506252288818	0.9486188888549805	0.8335561752319336	524.4681526506281	535.5224755817574	1	1	0	1	0	1	0	1	0	0
3186.2350000000006	0.7866841554641724	0.33306753635406494	0.24673166871070862	0.8223143815994263	0.9840318560600281	0.8524584174156189	509.25557862795966	528.6787332981139	1	1	0	1	0	1	0	1	0	0
3220.2913999999946	0.7866841554641724	0.33306753635406494	0.24673166871070862	0.8223143815994263	0.9840318560600281	0.8524584174156189	509.25557862795966	528.6787332981139	1	1	0	1	0	1	0	1	0	0
3254.202599999997	0.7866841554641724	0.33306753635406494	0.24673166871070862	0.8223143815994263	0.9840318560600281	0.8524584174156189	509.25557862795966	528.6787332981139	1	1	0	1	0	1	0	1	0	0
3290.3027999999977	0.8145373463630676	0.3363768756389618	0.2429511547088623	0.8445910215377808	0.969491183757782	0.8424482345581055	489.4134960645517	519.4491826124261	1	1	0	1	0	1	0	1	0	0
3325.7272999999986	0.8145373463630676	0.3363768756389618	0.2429511547088623	0.8445910215377808	0.969491183757782	0.8424482345581055	489.4134960645517	519.4491826124261	1	1	0	1	0	1	0	1	0	0
3359.779899999994	0.8145373463630676	0.3363768756389618	0.2429511547088623	0.8445910215377808	0.969491183757782	0.8424482345581055	489.4134960645517	519.4491826124261	1	1	0	1	0	1	0	1	0	0
3398.3557	0.8145373463630676	0.3363768756389618	0.2429511547088623	0.8445910215377808	0.969491183757782	0.8424482345581055	489.4134960645517	519.4491826124261	1	1	0	1	0	1	0	1	0	0
3432.4298999999955	0.8166266679763794	0.3554929494857788	0.2488265037536621	0.8760565519332886	0.974632740020752	0.9002857208251953	465.038618516817	508.2393953560405	1	1	0	1	0	1	0	1	0	0
3466.8459999999977	0.8166266679763794	0.3554929494857788	0.2488265037536621	0.8760565519332886	0.974632740020752	0.9002857208251953	465.038618516817	508.2393953560405	1	1	0	1	0	1	0	1	0	0
3501.4119999999966	0.8166266679763794	0.3554929494857788	0.2488265037536621	0.8760565519332886	0.974632740020752	0.9002857208251953	465.038618516817	508.2393953560405	1	1	0	1	0	1	0	1	0	0
3545.1550999999963	0.8166266679763794	0.3554929494857788	0.2488265037536621	0.8760565519332886	0.974632740020752	0.9002857208251953	465.038618516817	508.2393953560405	1	1	0	1	0	1	0	1	0	0
3579.110999999997	0.7943766117095947	0.3646887540817261	0.23430994153022766	0.8629865646362305	0.9614461660385132	0.8639107942581177	436.92584979725524	495.4205990940912	1	1	0	1	0	1	0	1	0	0
3613.759299999998	0.7943766117095947	0.3646887540817261	0.23430994153022766	0.8629865646362305	0.9614461660385132	0.8639107942581177	436.92584979725524	495.4205990940912	1	1	0	1	0	1	0	1	0	0
3647.753499999999	0.7943766117095947	0.3646887540817261	0.23430994153022766	0.8629865646362305	0.9614461660385132	0.8639107942581177	436.92584979725524	495.4205990940912	1	1	0	1	0	1	0	1	0	0
3681.7744999999995	0.7943766117095947	0.3646887540817261	0.23430994153022766	0.8629865646362305	0.9614461660385132	0.8639107942581177	406.5154672784578	481.3858899670094	1	1	0	1	0	1	0	1	0	0
3823.6036999999997	0.7943766117095947	0.3646887540817261	0.23430994153022766	0.8629865646362305	0.9614461660385132	0.8639107942581177	406.5154672784578	481.3858899670094	1	1	0	1	0	1	0	1	0	0
3857.786699999997	0.7943766117095947	0.3646887540817261	0.23430994153022766	0.8629865646362305	0.9614461660385132	0.8639107942581177	406.5154672784578	481.3858899670094	1	1	0	1	0	1	0	1	0	0
3891.7528999999995	0.7943766117095947	0.3646887540817261	0.23430994153022766	0.8629865646362305	0.9614461660385132	0.8639107942581177	406.5154672784578	481.3858899670094	1	1	0	1	0	1	0	1	0	0
3925.7688999999955	0.7943766117095947	0.3646887540817261	0.23430994153022766	0.8629865646362305	0.9614461660385132	0.8639107942581177	406.5154672784578	481.3858899670094	1	1	0	1	0	1	0	1	0	0
3968.279899999994	0.7332903742790222	0.35090208053588867	0.23293504118919373	0.8621228933334351	0.9671642184257507	0.8516178131103516	375.55679002373284	466.7006976015412	1	1	0	1	0	1	0	1	0	0
4002.742299999998	0.7332903742790222	0.35090208053588867	0.23293504118919373	0.8621228933334351	0.9671642184257507	0.8516178131103516	375.55679002373284	466.7006976015412	1	1	0	1	0	1	0	1	0	0
4036.8024000000005	0.7332903742790222	0.35090208053588867	0.23293504118919373	0.8621228933334351	0.9671642184257507	0.8516178131103516	375.55679002373284	466.7006976015412	1	1	0	1	0	1	0	1	0	0
4076.824099999998	0.7332903742790222	0.35090208053588867	0.23293504118919373	0.8621228933334351	0.9671642184257507	0.8516178131103516	375.55679002373284	466.7006976015412	1	1	0	1	0	1	0	1	0	0
4111.779799999997	0.5999589562416077	0.32700109481811523	0.2142449915409088	0.8409922122955322	0.964072048664093	0.8457561731338501	345.9919506745701	452.2001078563021	1	1	0	1	0	1	0	1	0	0
4145.789499999999	0.5999589562416077	0.32700109481811523	0.2142449915409088	0.8409922122955322	0.964072048664093	0.8457561731338501	345.9919506745701	452.2001078563021	1	1	0	1	0	1	0	1	0	0
4179.772399999994	0.5999589562416077	0.32700109481811523	0.2142449915409088	0.8409922122955322	0.964072048664093	0.8457561731338501	345.9919506745701	452.2001078563021	1	1	0	1	0	1	0	1	0	0
4217.673999999999	0.5607383847236633	0.3490806818008423	0.21559640765190125	0.8265901803970337	0.9504985809326172	0.8261634111404419	320.0493526374861	438.9355866856844	1	1	0	1	0	1	0	1	0	0
4251.832699999999	0.5607383847236633	0.3490806818008423	0.21559640765190125	0.8265901803970337	0.9504985809326172	0.8261634111404419	320.0493526374861	438.9355866856844	1	1	0	1	0	1	0	1	0	0
4285.746399999996	0.5607383847236633	0.3490806818008423	0.21559640765190125	0.8265901803970337	0.9504985809326172	0.8261634111404419	320.0493526374861	438.9355866856844	1	1	0	1	0	1	0	1	0	0
4319.7045	0.5607383847236633	0.3490806818008423	0.21559640765190125	0.8265901803970337	0.9504985809326172	0.8261634111404419	320.0493526374861	438.9355866856844	1	1	0	1	0	1	0	1	0	0
4353.735999999997	0.5240459442138672	0.3419332504272461	0.22151759266853333	0.8150074481964111	0.9253362417221069	0.8242374658584595	299.97596541869314	427.8480958323197	1	1	0	1	0	1	0	1	0	0
4387.984099999994	0.5240459442138672	0.3419332504272461	0.22151759266853333	0.8150074481964111	0.9253362417221069	0.8242374658584595	299.97596541869314	427.8480958323197	1	1	0	1	0	1	0	1	0	0
4422.0102999999945	0.5240459442138672	0.3419332504272461	0.22151759266853333	0.8150074481964111	0.9253362417221069	0.8242374658584595	299.97596541869314	427.8480958323197	1	1	0	1	0	1	0	1	0	0
4455.960299999999	0.5240459442138672	0.3419332504272461	0.22151759266853333	0.8150074481964111	0.9253362417221069	0.8242374658584595	299.97596541869314	427.8480958323197	1	1	0	1	0	1	0	1	0	0
4490.0390999999945	0.4909955859184265	0.3507801294326782	0.20210953056812286	0.7965772151947021	0.9151757955551147	0.8388034105300903	287.5150338234158	419.49747607542	1	1	0	1	0	1	0	1	0	0
4524.619399999996	0.4909955859184265	0.3507801294326782	0.20210953056812286	0.7965772151947021	0.9151757955551147	0.8388034105300903	287.5150338234158	419.49747607542	1	1	0	1	0	1	0	1	0	0
4558.576499999996	0.4909955859184265	0.3507801294326782	0.20210953056812286	0.7965772151947021	0.9151757955551147	0.8388034105300903	287.5150338234158	419.49747607542	1	1	0	1	0	1	0	1	0	0
4592.681899999996	0.4909955859184265	0.3507801294326782	0.20210953056812286	0.7965772151947021	0.9151757955551147	0.8388034105300903	287.5150338234158	419.49747607542	1	1	0	1	0	1	0	1	0	0
4626.897299999997	0.4546458125114441	0.3496352434158325	0.1670997142791748	0.8209736347198486	0.8853353261947632	0.8275661468505859	283.7139859055491	414.08573302471933	1	1	0	1	0	1	0	1	0	0
4661.190899999994	0.4546458125114441	0.3496352434158325	0.1670997142791748	0.8209736347198486	0.8853353261947632	0.8275661468505859	283.7139859055491	414.08573302471933	1	1	0	1	0	1	0	1	0	0
4695.4185	0.4546458125114441	0.3496352434158325	0.1670997142791748	0.8209736347198486	0.8853353261947632	0.8275661468505859	283.7139859055491	414.08573302471933	1	1	0	1	0	1	0	1	0	0
4729.186499999996	0.4546458125114441	0.3496352434158325	0.1670997142791748	0.8209736347198486	0.8853353261947632	0.8275661468505859	283.7139859055491	414.08573302471933	1	1	0	1	0	1	0	1	0	0
4763.517099999997	0.4288650155067444	0.3413921594619751	0.19352564215660095	0.7944751977920532	0.8810628652572632	0.8023561835289001	288.9834937795945	411.57430961229176	1	1	0	1	0	1	0	1	0	0
4797.167499999996	0.4288650155067444	0.3413921594619751	0.19352564215660095	0.7944751977920532	0.8810628652572632	0.8023561835289001	288.9834937795945	411.57430961229176	1	1	0	1	0	1	0	1	0	0
4831.183599999997	0.4288650155067444	0.3413921594619751	0.19352564215660095	0.7944751977920532	0.8810628652572632	0.8023561835289001	288.9834937795945	411.57430961229176	1	1	0	1	0	1	0	1	0	0
4866.188699999999	0.4288650155067444	0.3413921594619751	0.19352564215660095	0.7944751977920532	0.8810628652572632	0.8023561835289001	288.9834937795945	411.57430961229176	1	1	0	1	0	1	0	1	0	0
4900.480099999993	0.39962297677993774	0.35263776779174805	0.1691482961177826	0.8127065896987915	0.8647168874740601	0.8128082752227783	303.11311668749397	411.750752574441	1	1	0	1	0	1	0	1	0	0
4935.2105999999985	0.39962297677993774	0.35263776779174805	0.1691482961177826	0.8127065896987915	0.8647168874740601	0.8128082752227783	303.11311668749397	411.750752574441	1	1	0	1	0	1	0	1	0	0
4968.991499999996	0.39962297677993774	0.35263776779174805	0.1691482961177826	0.8127065896987915	0.8647168874740601	0.8128082752227783	303.11311668749397	411.750752574441	1	1	0	1	0	1	0	1	0	0
5008.1011	0.39962297677993774	0.35263776779174805	0.1691482961177826	0.8127065896987915	0.8647168874740601	0.8128082752227783	303.11311668749397	411.750752574441	1	1	0	1	0	1	0	1	0	0
5043.001599999996	0.37493062019348145	0.3824860751628876	0.20514628291130066	0.797873854637146	0.8625757098197937	0.8028311133384705	325.4196860139801	414.1749045165234	1	1	0	1	0	1	0	1	0	0
5077.004999999997	0.37493062019348145	0.3824860751628876	0.20514628291130066	0.797873854637146	0.8625757098197937	0.8028311133384705	325.4196860139801	414.1749045165234	1	1	0	1	0	1	0	1	0	0
5110.9928999999975	0.37493062019348145	0.3824860751628876	0.20514628291130066	0.797873854637146	0.8625757098197937	0.8028311133384705	325.4196860139801	414.1749045165234	1	1	0	1	0	1	0	1	0	0
5145.2287	0.37493062019348145	0.3824860751628876	0.20514628291130066	0.797873854637146	0.8625757098197937	0.8028311133384705	325.4196860139801	414.1749045165234	1	1	0	1	0	1	0	1	0	0
5180.012499999997	0.37493062019348145	0.3824860751628876	0.20514628291130066	0.797873854637146	0.8625757098197937	0.8028311133384705	325.4196860139801	414.1749045165234	1	1	0	1	0	1	0	1	0	0
5214.201299999993	0.37493062019348145	0.3824860751628876	0.20514628291130066	0.797873854637146	0.8625757098197937	0.8028311133384705	325.4196860139801	414.1749045165234	1	1	0	1	0	1	0	1	0	0
5247.944099999993	0.37493062019348145	0.3824860751628876	0.20514628291130066	0.797873854637146	0.8625757098197937	0.8028311133384705	325.4196860139801	414.1749045165234	1	1	0	1	0	1	0	1	0	0
5288.044099999999	0.34841033816337585	0.380818247795105	0.17979863286018372	0.819571852684021	0.8556404113769531	0.7920235395431519	354.9891762719202	418.13964937964874	1	1	0	1	0	1	0	1	0	0
5323.0478	0.34841033816337585	0.380818247795105	0.17979863286018372	0.819571852684021	0.8556404113769531	0.7920235395431519	354.9891762719202	418.13964937964874	1	1	0	1	0	1	0	1	0	0
5356.9499	0.34841033816337585	0.380818247795105	0.17979863286018372	0.819571852684021	0.8556404113769531	0.7920235395431519	354.9891762719202	418.13964937964874	1	1	0	1	0	1	0	1	0	0
5390.980299999996	0.34841033816337585	0.380818247795105	0.17979863286018372	0.819571852684021	0.8556404113769531	0.7920235395431519	354.9891762719202	418.13964937964874	1	1	0	1	0	1	0	1	0	0
5424.965299999996	0.33435606956481934	0.3996621370315552	0.18388620018959045	0.8231588006019592	0.8500447273254395	0.7983362674713135	390.74716598173984	422.82303032824177	1	1	0	1	0	1	0	1	0	0
5458.981999999996	0.33435606956481934	0.3996621370315552	0.18388620018959045	0.8231588006019592	0.8500447273254395	0.7983362674713135	390.74716598173984	422.82303032824177	1	1	0	1	0	1	0	1	0	0
5493.034799999994	0.33435606956481934	0.3996621370315552	0.18388620018959045	0.8231588006019592	0.8500447273254395	0.7983362674713135	390.74716598173984	422.82303032824177	1	1	0	1	0	1	0	1	0	0
5531.951099999998	0.33435606956481934	0.3996621370315552	0.18388620018959045	0.8231588006019592	0.8500447273254395	0.7983362674713135	390.74716598173984	422.82303032824177	1	1	0	1	0	1	0	1	0	0
5565.506699999998	0.34209707379341125	0.44911515712738037	0.1736629605293274	0.8311678171157837	0.8351790308952332	0.7888058423995972	431.5263356711889	427.38226867524	1	1	0	1	0	1	0	1	0	0
5600.597499999996	0.34209707379341125	0.44911515712738037	0.1736629605293274	0.8311678171157837	0.8351790308952332	0.7888058423995972	431.5263356711889	427.38226867524	1	1	0	1	0	1	0	1	0	0
5635.7454	0.34209707379341125	0.44911515712738037	0.1736629605293274	0.8311678171157837	0.8351790308952332	0.7888058423995972	431.5263356711889	427.38226867524	1	1	0	1	0	1	0	1	0	0
5670.536499999995	0.34209707379341125	0.44911515712738037	0.1736629605293274	0.8311678171157837	0.8351790308952332	0.7888058423995972	431.5263356711889	427.38226867524	1	1	0	1	0	1	0	1	0	0
5704.6582999999955	0.3262039124965668	0.46819183230400085	0.1720975637435913	0.839423418045044	0.8300579786300659	0.7820714712142944	476.2317970492113	430.8974110657965	1	1	0	1	0	1	0	1	0	0
5738.863799999999	0.3262039124965668	0.46819183230400085	0.1720975637435913	0.839423418045044	0.8300579786300659	0.7820714712142944	476.2317970492113	430.8974110657965	1	1	0	1	0	1	0	1	0	0
5772.915099999998	0.3262039124965668	0.46819183230400085	0.1720975637435913	0.839423418045044	0.8300579786300659	0.7820714712142944	476.2317970492113	430.8974110657965	1	1	0	1	0	1	0	1	0	0
5807.8629	0.3230630159378052	0.45810043811798096	0.16726413369178772	0.8474122285842896	0.8242425918579102	0.7725536823272705	523.8181133323974	432.5165674357485	1	1	0	1	0	1	0	1	0	0
5842.326199999996	0.3230630159378052	0.45810043811798096	0.16726413369178772	0.8474122285842896	0.8242425918579102	0.7725536823272705	523.8181133323974	432.5165674357485	1	1	0	1	0	1	0	1	0	0
5876.344299999997	0.3230630159378052	0.45810043811798096	0.16726413369178772	0.8474122285842896	0.8242425918579102	0.7725536823272705	523.8181133323974	432.5165674357485	1	1	0	1	0	1	0	1	0	0
5910.296499999997	0.3230630159378052	0.45810043811798096	0.16726413369178772	0.8474122285842896	0.8242425918579102	0.7725536823272705	523.8181133323974	432.5165674357485	1	1	0	1	0	1	0	1	0	0
5944.569099999993	0.3249337673187256	0.45654594898223877	0.16182520985603333	0.8418359756469727	0.8327373266220093	0.791524350643158	573.0478368855606	431.7601417823608	1	1	0	1	0	1	0	1	0	0
5978.3416	0.3249337673187256	0.45654594898223877	0.16182520985603333	0.8418359756469727	0.8327373266220093	0.791524350643158	573.0478368855606	431.7601417823608	1	1	0	1	0	1	0	1	0	0
6012.352399999996	0.3249337673187256	0.45654594898223877	0.16182520985603333	0.8418359756469727	0.8327373266220093	0.791524350643158	573.0478368855606	431.7601417823608	1	1	0	1	0	1	0	1	0	0
6046.304799999998	0.3249337673187256	0.45654594898223877	0.16182520985603333	0.8418359756469727	0.8327373266220093	0.791524350643158	573.0478368855606	431.7601417823608	1	1	0	1	0	1	0	1	0	0
6080.200499999999	0.3249337673187256	0.45654594898223877	0.16182520985603333	0.8418359756469727	0.8327373266220093	0.791524350643158	573.0478368855606	431.7601417823608	1	1	0	1	0	1	0	1	0	0
6114.840399999994	0.3249337673187256	0.45654594898223877	0.16182520985603333	0.8418359756469727	0.8327373266220093	0.791524350643158	573.0478368855606	431.7601417823608	1	1	0	1	0	1	0	1	0	0
6149.341799999995	0.3249337673187256	0.45654594898223877	0.16182520985603333	0.8418359756469727	0.8327373266220093	0.791524350643158	573.0478368855606	431.7601417823608	1	1	0	1	0	1	0	1	0	0
6183.356599999999	0.3249337673187256	0.45654594898223877	0.16182520985603333	0.8418359756469727	0.8327373266220093	0.791524350643158	573.0478368855606	431.7601417823608	1	1	0	1	0	1	0	1	0	0
6221.388399999996	0.3092105984687805	0.40327322483062744	0.1595316231250763	0.8513267040252686	0.8379006385803223	0.7900573015213013	622.3289558336196	428.6812817393884	1	1	0	1	0	1	0	1	0	0
6256.342399999994	0.3092105984687805	0.40327322483062744	0.1595316231250763	0.8513267040252686	0.8379006385803223	0.7900573015213013	622.3289558336196	428.6812817393884	1	1	0	1	0	1	0	1	0	0
6291.340199999999	0.3092105984687805	0.40327322483062744	0.1595316231250763	0.8513267040252686	0.8379006385803223	0.7900573015213013	622.3289558336196	428.6812817393884	1	1	0	1	0	1	0	1	0	0
6326.318599999999	0.3092105984687805	0.40327322483062744	0.1595316231250763	0.8513267040252686	0.8379006385803223	0.7900573015213013	622.3289558336196	428.6812817393884	1	1	0	1	0	1	0	1	0	0
6360.296199999997	0.31571054458618164	0.3997689485549927	0.16049912571907043	0.849095344543457	0.8339861035346985	0.7833950519561768	669.7812563821124	423.8510091466305	1	1	0	1	0	1	0	1	0	0
6394.4010999999955	0.31571054458618164	0.3997689485549927	0.16049912571907043	0.849095344543457	0.8339861035346985	0.7833950519561768	669.7812563821124	423.8510091466305	1	1	0	1	0	1	0	1	0	0
6428.386899999998	0.31571054458618164	0.3997689485549927	0.16049912571907043	0.849095344543457	0.8339861035346985	0.7833950519561768	669.7812563821124	423.8510091466305	1	1	0	1	0	1	0	1	0	0
6462.644799999995	0.31571054458618164	0.3997689485549927	0.16049912571907043	0.849095344543457	0.8339861035346985	0.7833950519561768	669.7812563821124	423.8510091466305	1	1	0	1	0	1	0	1	0	0
6497.334999999999	0.3148510456085205	0.39050161838531494	0.15414777398109436	0.8419748544692993	0.8472576141357422	0.7826971411705017	713.5252684435948	418.1353906600846	1	1	0	1	0	1	0	1	0	0
6531.352699999996	0.3148510456085205	0.39050161838531494	0.15414777398109436	0.8419748544692993	0.8472576141357422	0.7826971411705017	713.5252684435948	418.1353906600846	1	1	0	1	0	1	0	1	0	0
6566.371499999994	0.3148510456085205	0.39050161838531494	0.15414777398109436	0.8419748544692993	0.8472576141357422	0.7826971411705017	713.5252684435948	418.1353906600846	1	1	0	1	0	1	0	1	0	0
6606.357599999996	0.3148510456085205	0.39050161838531494	0.15414777398109436	0.8419748544692993	0.8472576141357422	0.7826971411705017	713.5252684435948	418.1353906600846	1	1	0	1	0	1	0	1	0	0
6641.294599999994	0.3192274272441864	0.39511844515800476	0.15919804573059082	0.8089772462844849	0.8246480822563171	0.7762616872787476	752.0197604742307	412.3833138472565	1	1	0	1	0	1	0	1	0	0
6675.3007	0.3192274272441864	0.39511844515800476	0.15919804573059082	0.8089772462844849	0.8246480822563171	0.7762616872787476	752.0197604742307	412.3833138472565	1	1	0	1	0	1	0	1	0	0
6709.3681	0.3192274272441864	0.39511844515800476	0.15919804573059082	0.8089772462844849	0.8246480822563171	0.7762616872787476	752.0197604742307	412.3833138472565	1	1	0	1	0	1	0	1	0	0
6746.074399999998	0.31936579942703247	0.4079945385456085	0.17056012153625488	0.7901843786239624	0.8377766609191895	0.7694868445396423	784.2527809155231	407.239472726433	1	1	0	1	0	1	0	1	0	0
6779.335499999994	0.31936579942703247	0.4079945385456085	0.17056012153625488	0.7901843786239624	0.8377766609191895	0.7694868445396423	784.2527809155231	407.239472726433	1	1	0	1	0	1	0	1	0	0
6813.390599999999	0.31936579942703247	0.4079945385456085	0.17056012153625488	0.7901843786239624	0.8377766609191895	0.7694868445396423	784.2527809155231	407.239472726433	1	1	0	1	0	1	0	1	0	0
6847.339799999994	0.31936579942703247	0.4079945385456085	0.17056012153625488	0.7901843786239624	0.8377766609191895	0.7694868445396423	784.2527809155231	407.239472726433	1	1	0	1	0	1	0	1	0	0
6881.995999999999	0.32465118169784546	0.40109431743621826	0.1820269227027893	0.7851338982582092	0.8458803296089172	0.7716903686523438	809.7509863660065	403.08440335076955	1	1	0	1	0	1	0	1	0	0
6915.998599999999	0.32465118169784546	0.40109431743621826	0.1820269227027893	0.7851338982582092	0.8458803296089172	0.7716903686523438	809.7509863660065	403.08440335076955	1	1	0	1	0	1	0	1	0	0
6949.999899999995	0.32465118169784546	0.40109431743621826	0.1820269227027893	0.7851338982582092	0.8458803296089172	0.7716903686523438	809.7509863660065	403.08440335076955	1	1	0	1	0	1	0	1	0	0
6984.015499999994	0.32465118169784546	0.40109431743621826	0.1820269227027893	0.7851338982582092	0.8458803296089172	0.7716903686523438	809.7509863660065	403.08440335076955	1	1	0	1	0	1	0	1	0	0
7152.597299999994	0.3502093255519867	0.39540088176727295	0.1690351963043213	0.7996795177459717	0.8505905270576477	0.782321572303772	828.4180857972635	400.0988912253813	1	1	0	1	0	1	0	1	0	0
7187.026399999995	0.3502093255519867	0.39540088176727295	0.1690351963043213	0.7996795177459717	0.8505905270576477	0.782321572303772	828.4180857972635	400.0988912253813	1	1	0	1	0	1	0	1	0	0
7220.9643	0.3767482340335846	0.3743685483932495	0.15428471565246582	0.81591796875	0.8738672137260437	0.806005597114563	840.3136141514306	398.39789361415853	1	1	0	1	0	1	0	1	0	0
7254.979499999994	0.3767482340335846	0.3743685483932495	0.15428471565246582	0.81591796875	0.8738672137260437	0.806005597114563	840.3136141514306	398.39789361415853	1	1	0	1	0	1	0	1	0	0
7289.949999999997	0.4348759055137634	0.373868465423584	0.1672964096069336	0.7791136503219604	0.8608678579330444	0.7905877828598022	845.4751564756508	398.10616206279064	1	1	0	1	0	1	0	1	0	0
7323.787099999994	0.4348759055137634	0.373868465423584	0.1672964096069336	0.7791136503219604	0.8608678579330444	0.7905877828598022	845.4751564756508	398.10616206279064	1	1	0	1	0	1	0	1	0	0
7357.789599999996	0.4348759055137634	0.373868465423584	0.1672964096069336	0.7791136503219604	0.8608678579330444	0.7905877828598022	845.4751564756508	398.10616206279064	1	1	0	1	0	1	0	1	0	0
7392.764299999995	0.4348759055137634	0.373868465423584	0.1672964096069336	0.7791136503219604	0.8608678579330444	0.7905877828598022	845.4751564756508	398.10616206279064	1	1	0	1	0	1	0	1	0	0
7428.340899999996	0.458808958530426	0.3863816261291504	0.18831130862236023	0.762345552444458	0.8865190744400024	0.7877094745635986	843.8861057875356	399.29770885052324	1	1	0	1	0	1	0	1	0	0
7462.4588	0.458808958530426	0.3863816261291504	0.18831130862236023	0.762345552444458	0.8865190744400024	0.7877094745635986	843.8861057875356	399.29770885052324	1	1	0	1	0	1	0	1	0	0
7496.506599999993	0.458808958530426	0.3863816261291504	0.18831130862236023	0.762345552444458	0.8865190744400024	0.7877094745635986	843.8861057875356	399.29770885052324	1	1	0	1	0	1	0	1	0	0
7535.254099999998	0.458808958530426	0.3863816261291504	0.18831130862236023	0.762345552444458	0.8865190744400024	0.7877094745635986	843.8861057875356	399.29770885052324	1	1	0	1	0	1	0	1	0	0
7568.469999999994	0.458808958530426	0.3863816261291504	0.18831130862236023	0.762345552444458	0.8865190744400024	0.7877094745635986	835.6913568321704	401.8749416639741	1	1	0	1	0	1	0	1	0	0
7602.532499999994	0.458808958530426	0.3863816261291504	0.18831130862236023	0.762345552444458	0.8865190744400024	0.7877094745635986	835.6913568321704	401.8749416639741	1	1	0	1	0	1	0	1	0	0
7636.443199999994	0.458808958530426	0.3863816261291504	0.18831130862236023	0.762345552444458	0.8865190744400024	0.7877094745635986	835.6913568321704	401.8749416639741	1	1	0	1	0	1	0	1	0	0
7673.714599999999	0.48090165853500366	0.3926827609539032	0.18449577689170837	0.7830705642700195	0.8897436857223511	0.7899048328399658	821.4550510023295	405.55895218749436	1	1	0	1	0	1	0	1	0	0
7708.232499999998	0.48090165853500366	0.3926827609539032	0.18449577689170837	0.7830705642700195	0.8897436857223511	0.7899048328399658	821.4550510023295	405.55895218749436	1	1	0	1	0	1	0	1	0	0
7742.251899999996	0.48090165853500366	0.3926827609539032	0.18449577689170837	0.7830705642700195	0.8897436857223511	0.7899048328399658	821.4550510023295	405.55895218749436	1	1	0	1	0	1	0	1	0	0
7776.8067999999985	0.48090165853500366	0.3926827609539032	0.18449577689170837	0.7830705642700195	0.8897436857223511	0.7899048328399658	821.4550510023295	405.55895218749436	1	1	0	1	0	1	0	1	0	0
7810.863099999995	0.4938662648200989	0.41008520126342773	0.18035569787025452	0.8042725324630737	0.8782760500907898	0.8037390112876892	802.2115399189772	409.93263104498385	1	1	0	1	0	1	0	1	0	0
7844.678899999999	0.4938662648200989	0.41008520126342773	0.18035569787025452	0.8042725324630737	0.8782760500907898	0.8037390112876892	802.2115399189772	409.93263104498385	1	1	0	1	0	1	0	1	0	0
7878.872199999998	0.4938662648200989	0.41008520126342773	0.18035569787025452	0.8042725324630737	0.8782760500907898	0.8037390112876892	802.2115399189772	409.93263104498385	1	1	0	1	0	1	0	1	0	0
7913.678599999999	0.4938662648200989	0.41008520126342773	0.18035569787025452	0.8042725324630737	0.8782760500907898	0.8037390112876892	802.2115399189772	409.93263104498385	1	1	0	1	0	1	0	1	0	0
7947.669699999999	0.498495876789093	0.44924449920654297	0.1793895959854126	0.7875175476074219	0.8689779043197632	0.8073281049728394	779.4229830069344	414.404404175741	1	1	0	1	0	1	0	1	0	0
7981.843399999998	0.498495876789093	0.44924449920654297	0.1793895959854126	0.7875175476074219	0.8689779043197632	0.8073281049728394	779.4229830069344	414.404404175741	1	1	0	1	0	1	0	1	0	0
8015.662399999994	0.498495876789093	0.44924449920654297	0.1793895959854126	0.7875175476074219	0.8689779043197632	0.8073281049728394	779.4229830069344	414.404404175741	1	1	0	1	0	1	0	1	0	0
8049.628699999994	0.498495876789093	0.44924449920654297	0.1793895959854126	0.7875175476074219	0.8689779043197632	0.8073281049728394	779.4229830069344	414.404404175741	1	1	0	1	0	1	0	1	0	0
8083.633999999998	0.48520785570144653	0.47297847270965576	0.1862322986125946	0.8019587993621826	0.8633792996406555	0.8127032518386841	754.9469899629435	418.18374440169663	1	1	0	1	0	1	0	1	0	0
8117.614399999999	0.48520785570144653	0.47297847270965576	0.1862322986125946	0.8019587993621826	0.8633792996406555	0.8127032518386841	754.9469899629435	418.18374440169663	1	1	0	1	0	1	0	1	0	0
8152.0723	0.48520785570144653	0.47297847270965576	0.1862322986125946	0.8019587993621826	0.8633792996406555	0.8127032518386841	754.9469899629435	418.18374440169663	1	1	0	1	0	1	0	1	0	0
8191.8053999999975	0.48520785570144653	0.47297847270965576	0.1862322986125946	0.8019587993621826	0.8633792996406555	0.8127032518386841	754.9469899629435	418.18374440169663	1	1	0	1	0	1	0	1	0	0
8225.662099999994	0.48607689142227173	0.4776836633682251	0.17780715227127075	0.792389452457428	0.8593881726264954	0.8040751218795776	730.8338502426352	420.43300583383814	1	1	0	1	0	1	0	1	0	0
8259.682499999995	0.48607689142227173	0.4776836633682251	0.17780715227127075	0.792389452457428	0.8593881726264954	0.8040751218795776	730.8338502426352	420.43300583383814	1	1	0	1	0	1	0	1	0	0
8293.655699999996	0.48607689142227173	0.4776836633682251	0.17780715227127075	0.792389452457428	0.8593881726264954	0.8040751218795776	730.8338502426352	420.43300583383814	1	1	0	1	0	1	0	1	0	0
8331.729999999996	0.48607689142227173	0.4776836633682251	0.17780715227127075	0.792389452457428	0.8593881726264954	0.8040751218795776	730.8338502426352	420.43300583383814	1	1	0	1	0	1	0	1	0	0
8365.556999999993	0.4929281175136566	0.42773234844207764	0.17830008268356323	0.8030242919921875	0.8806484341621399	0.8170061111450195	708.7901284121806	420.6300357634592	1	1	0	1	0	1	0	1	0	0
8399.873599999999	0.4929281175136566	0.42773234844207764	0.17830008268356323	0.8030242919921875	0.8806484341621399	0.8170061111450195	708.7901284121806	420.6300357634592	1	1	0	1	0	1	0	1	0	0
8433.9113	0.4929281175136566	0.42773234844207764	0.17830008268356323	0.8030242919921875	0.8806484341621399	0.8170061111450195	708.7901284121806	420.6300357634592	1	1	0	1	0	1	0	1	0	0
8472.131199999996	0.4929281175136566	0.42773234844207764	0.17830008268356323	0.8030242919921875	0.8806484341621399	0.8170061111450195	689.6785524822358	418.8440391152293	1	1	0	1	0	1	0	1	0	0
8504.999899999995	0.4929281175136566	0.42773234844207764	0.17830008268356323	0.8030242919921875	0.8806484341621399	0.8170061111450195	689.6785524822358	418.8440391152293	1	1	0	1	0	1	0	1	0	0
8539.2382	0.4929281175136566	0.42773234844207764	0.17830008268356323	0.8030242919921875	0.8806484341621399	0.8170061111450195	689.6785524822358	418.8440391152293	1	1	0	1	0	1	0	1	0	0
8573.007399999995	0.4929281175136566	0.42773234844207764	0.17830008268356323	0.8030242919921875	0.8806484341621399	0.8170061111450195	689.6785524822358	418.8440391152293	1	1	0	1	0	1	0	1	0	0
8606.605799999998	0.4922371804714203	0.3900691270828247	0.18483522534370422	0.783190131187439	0.8647363781929016	0.7956910729408264	673.5786070854074	415.63465439578704	1	1	0	1	0	1	0	1	0	0
8641.183699999994	0.4922371804714203	0.3900691270828247	0.18483522534370422	0.783190131187439	0.8647363781929016	0.7956910729408264	673.5786070854074	415.63465439578704	1	1	0	1	0	1	0	1	0	0
8675.210199999994	0.4922371804714203	0.3900691270828247	0.18483522534370422	0.783190131187439	0.8647363781929016	0.7956910729408264	673.5786070854074	415.63465439578704	1	1	0	1	0	1	0	1	0	0
8709.141099999993	0.4922371804714203	0.3900691270828247	0.18483522534370422	0.783190131187439	0.8647363781929016	0.7956910729408264	673.5786070854074	415.63465439578704	1	1	0	1	0	1	0	1	0	0
8743.999499999998	0.4946869909763336	0.3752431869506836	0.17610689997673035	0.7715176343917847	0.8699384927749634	0.7866334915161133	660.107995578549	411.8260375844569	1	1	0	1	0	1	0	1	0	0
8777.146799999995	0.4946869909763336	0.3752431869506836	0.17610689997673035	0.7715176343917847	0.8699384927749634	0.7866334915161133	660.107995578549	411.8260375844569	1	1	0	1	0	1	0	1	0	0
8811.097199999997	0.4946869909763336	0.3752431869506836	0.17610689997673035	0.7715176343917847	0.8699384927749634	0.7866334915161133	660.107995578549	411.8260375844569	1	1	0	1	0	1	0	1	0	0
8845.151699999995	0.4946869909763336	0.3752431869506836	0.17610689997673035	0.7715176343917847	0.8699384927749634	0.7866334915161133	660.107995578549	411.8260375844569	1	1	0	1	0	1	0	1	0	0
8884.484599999996	0.4946322441101074	0.35114753246307373	0.16669318079948425	0.7958055138587952	0.8800899386405945	0.7979452610015869	648.6161194248093	408.3516311347604	1	1	0	1	0	1	0	1	0	0
8918.930399999997	0.4946322441101074	0.35114753246307373	0.16669318079948425	0.7958055138587952	0.8800899386405945	0.7979452610015869	648.6161194248093	408.3516311347604	1	1	0	1	0	1	0	1	0	0
8952.861099999995	0.4946322441101074	0.35114753246307373	0.16669318079948425	0.7958055138587952	0.8800899386405945	0.7979452610015869	648.6161194248093	408.3516311347604	1	1	0	1	0	1	0	1	0	0
8991.429199999999	0.4946322441101074	0.35114753246307373	0.16669318079948425	0.7958055138587952	0.8800899386405945	0.7979452610015869	648.6161194248093	408.3516311347604	1	1	0	1	0	1	0	1	0	0
9024.031899999994	0.4941580891609192	0.33109867572784424	0.14803308248519897	0.7822076082229614	0.8878874778747559	0.7964217662811279	638.3527244702016	406.0945028291069	1	1	0	1	0	1	0	1	0	0
9058.537999999993	0.4941580891609192	0.33109867572784424	0.14803308248519897	0.7822076082229614	0.8878874778747559	0.7964217662811279	638.3527244702016	406.0945028291069	1	1	0	1	0	1	0	1	0	0
9092.549999999996	0.4941580891609192	0.33109867572784424	0.14803308248519897	0.7822076082229614	0.8878874778747559	0.7964217662811279	638.3527244702016	406.0945028291069	1	1	0	1	0	1	0	1	0	0
9131.542699999998	0.5061060190200806	0.299820214509964	0.14340153336524963	0.7860300540924072	0.8995164632797241	0.8004868030548096	628.554789221168	405.8045646085868	1	1	0	1	0	1	0	1	0	0
9165.522599999997	0.5061060190200806	0.299820214509964	0.14340153336524963	0.7860300540924072	0.8995164632797241	0.8004868030548096	628.554789221168	405.8045646085868	1	1	0	1	0	1	0	1	0	0
9199.479199999994	0.5061060190200806	0.299820214509964	0.14340153336524963	0.7860300540924072	0.8995164632797241	0.8004868030548096	628.554789221168	405.8045646085868	1	1	0	1	0	1	0	1	0	0
9233.499899999995	0.5061060190200806	0.299820214509964	0.14340153336524963	0.7860300540924072	0.8995164632797241	0.8004868030548096	628.554789221168	405.8045646085868	1	1	0	1	0	1	0	1	0	0
9267.5225	0.5061060190200806	0.299820214509964	0.14340153336524963	0.7860300540924072	0.8995164632797241	0.8004868030548096	628.554789221168	405.8045646085868	1	1	0	1	0	1	0	1	0	0
9301.501999999993	0.5260699987411499	0.29993879795074463	0.15988782048225403	0.7883942127227783	0.9079224467277527	0.8189290761947632	618.4441993900159	408.0328899957322	1	1	0	1	0	1	0	1	0	0
9335.3514	0.5260699987411499	0.29993879795074463	0.15988782048225403	0.7883942127227783	0.9079224467277527	0.8189290761947632	618.4441993900159	408.0328899957322	1	1	0	1	0	1	0	1	0	0
9369.333299999998	0.5260699987411499	0.29993879795074463	0.15988782048225403	0.7883942127227783	0.9079224467277527	0.8189290761947632	618.4441993900159	408.0328899957322	1	1	0	1	0	1	0	1	0	0
9410.1008	0.5427727699279785	0.2811850309371948	0.16345897316932678	0.7896491289138794	0.9146906137466431	0.810232400894165	607.2918263827871	413.00900351228273	1	1	0	1	0	1	0	1	0	0
9443.739499999996	0.5427727699279785	0.2811850309371948	0.16345897316932678	0.7896491289138794	0.9146906137466431	0.810232400894165	607.2918263827871	413.00900351228273	1	1	0	1	0	1	0	1	0	0
9477.739799999996	0.5427727699279785	0.2811850309371948	0.16345897316932678	0.7896491289138794	0.9146906137466431	0.810232400894165	607.2918263827871	413.00900351228273	1	1	0	1	0	1	0	1	0	0
9511.731899999999	0.5427727699279785	0.2811850309371948	0.16345897316932678	0.7896491289138794	0.9146906137466431	0.810232400894165	607.2918263827871	413.00900351228273	1	1	0	1	0	1	0	1	0	0
9545.7215	0.5531999468803406	0.280881404876709	0.15954461693763733	0.7968679070472717	0.923917293548584	0.8061015605926514	594.5308044013889	420.63307502667067	1	1	0	1	0	1	0	1	0	0
9579.940199999997	0.5531999468803406	0.280881404876709	0.15954461693763733	0.7968679070472717	0.923917293548584	0.8061015605926514	594.5308044013889	420.63307502667067	1	1	0	1	0	1	0	1	0	0
9614.738299999997	0.5531999468803406	0.280881404876709	0.15954461693763733	0.7968679070472717	0.923917293548584	0.8061015605926514	594.5308044013889	420.63307502667067	1	1	0	1	0	1	0	1	0	0
9653.7814	0.5531999468803406	0.280881404876709	0.15954461693763733	0.7968679070472717	0.923917293548584	0.8061015605926514	594.5308044013889	420.63307502667067	1	1	0	1	0	1	0	1	0	0
9687.755299999997	0.5446939468383789	0.2679402530193329	0.1457536816596985	0.7684566974639893	0.9120588302612305	0.7982743978500366	579.8700964372755	430.59810334145135	1	1	0	1	0	1	0	1	0	0
9722.164799999999	0.5446939468383789	0.2679402530193329	0.1457536816596985	0.7684566974639893	0.9120588302612305	0.7982743978500366	579.8700964372755	430.59810334145135	1	1	0	1	0	1	0	1	0	0
9757.128799999999	0.5446939468383789	0.2679402530193329	0.1457536816596985	0.7684566974639893	0.9120588302612305	0.7982743978500366	579.8700964372755	430.59810334145135	1	1	0	1	0	1	0	1	0	0
9795.1803	0.5446939468383789	0.2679402530193329	0.1457536816596985	0.7684566974639893	0.9120588302612305	0.7982743978500366	563.3695742171392	442.4960766752787	1	1	0	1	0	1	0	1	0	0
9830.322399999997	0.5446939468383789	0.2679402530193329	0.1457536816596985	0.7684566974639893	0.9120588302612305	0.7982743978500366	563.3695742171392	442.4960766752787	1	1	0	1	0	1	0	1	0	0
9865.127099999998	0.5446939468383789	0.2679402530193329	0.1457536816596985	0.7684566974639893	0.9120588302612305	0.7982743978500366	563.3695742171392	442.4960766752787	1	1	0	1	0	1	0	1	0	0
9899.140599999999	0.5446939468383789	0.2679402530193329	0.1457536816596985	0.7684566974639893	0.9120588302612305	0.7982743978500366	563.3695742171392	442.4960766752787	1	1	0	1	0	1	0	1	0	0
9939.096999999994	0.5448731780052185	0.2721977233886719	0.16575053334236145	0.7889676690101624	0.9216014742851257	0.7966722846031189	545.4094802739767	455.8270693111265	1	1	0	1	0	1	0	1	0	0
9973.121999999996	0.5448731780052185	0.2721977233886719	0.16575053334236145	0.7889676690101624	0.9216014742851257	0.7966722846031189	545.4094802739767	455.8270693111265	1	1	0	1	0	1	0	1	0	0
10008.145099999994	0.5448731780052185	0.2721977233886719	0.16575053334236145	0.7889676690101624	0.9216014742851257	0.7966722846031189	545.4094802739767	455.8270693111265	1	1	0	1	0	1	0	1	0	0
10042.140499999994	0.5448731780052185	0.2721977233886719	0.16575053334236145	0.7889676690101624	0.9216014742851257	0.7966722846031189	545.4094802739767	455.8270693111265	1	1	0	1	0	1	0	1	0	0
10076.136499999993	0.5386912822723389	0.2936302423477173	0.169744074344635	0.7896182537078857	0.9195424914360046	0.8161228895187378	526.6209548168099	469.933199417106	1	1	0	1	0	1	0	1	0	0
10109.8969	0.5386912822723389	0.2936302423477173	0.169744074344635	0.7896182537078857	0.9195424914360046	0.8161228895187378	526.6209548168099	469.933199417106	1	1	0	1	0	1	0	1	0	0
10143.942899999995	0.5386912822723389	0.2936302423477173	0.169744074344635	0.7896182537078857	0.9195424914360046	0.8161228895187378	526.6209548168099	469.933199417106	1	1	0	1	0	1	0	1	0	0
10177.905699999996	0.5386912822723389	0.2936302423477173	0.169744074344635	0.7896182537078857	0.9195424914360046	0.8161228895187378	526.6209548168099	469.933199417106	1	1	0	1	0	1	0	1	0	0
10211.766599999995	0.5386912822723389	0.2936302423477173	0.169744074344635	0.7896182537078857	0.9195424914360046	0.8161228895187378	507.82018192057836	484.01386132442667	1	1	0	1	0	1	0	1	0	0
10246.558399999994	0.5386912822723389	0.2936302423477173	0.169744074344635	0.7896182537078857	0.9195424914360046	0.8161228895187378	507.82018192057836	484.01386132442667	1	1	0	1	0	1	0	1	0	0
10280.5556	0.5386912822723389	0.2936302423477173	0.169744074344635	0.7896182537078857	0.9195424914360046	0.8161228895187378	507.82018192057836	484.01386132442667	1	1	0	1	0	1	0	1	0	0
10319.274999999994	0.5386912822723389	0.2936302423477173	0.169744074344635	0.7896182537078857	0.9195424914360046	0.8161228895187378	507.82018192057836	484.01386132442667	1	1	0	1	0	1	0	1	0	0
10484.498999999996	0.5435289144515991	0.3034718334674835	0.171793133020401	0.7874164581298828	0.9168840646743774	0.8005653619766235	489.8607710291147	497.2814795871857	1	1	0	1	0	1	0	1	0	0
10518.562999999995	0.5435289144515991	0.3034718334674835	0.171793133020401	0.7874164581298828	0.9168840646743774	0.8005653619766235	489.8607710291147	497.2814795871857	1	1	0	1	0	1	0	1	0	0
10552.531599999995	0.5488813519477844	0.29670631885528564	0.170221745967865	0.7944782972335815	0.8991665840148926	0.8001643419265747	473.46668518595374	509.1108263664853	1	1	0	1	0	1	0	1	0	0
10586.516899999995	0.5488813519477844	0.29670631885528564	0.170221745967865	0.7944782972335815	0.8991665840148926	0.8001643419265747	473.46668518595374	509.1108263664853	1	1	0	1	0	1	0	1	0	0
10620.471699999995	0.5488813519477844	0.29670631885528564	0.170221745967865	0.7944782972335815	0.8991665840148926	0.8001643419265747	473.46668518595374	509.1108263664853	1	1	0	1	0	1	0	1	0	0
10657.539799999999	0.5488813519477844	0.29670631885528564	0.170221745967865	0.7944782972335815	0.8991665840148926	0.8001643419265747	473.46668518595374	509.1108263664853	1	1	0	1	0	1	0	1	0	0
10692.501699999993	0.5555712580680847	0.2892228364944458	0.1826154887676239	0.7694785594940186	0.913232684135437	0.8012546300888062	459.11163779163235	519.1069109561955	1	1	0	1	0	1	0	1	0	0
10726.483699999997	0.5555712580680847	0.2892228364944458	0.1826154887676239	0.7694785594940186	0.913232684135437	0.8012546300888062	459.11163779163235	519.1069109561955	1	1	0	1	0	1	0	1	0	0
10760.528699999995	0.5555712580680847	0.2892228364944458	0.1826154887676239	0.7694785594940186	0.913232684135437	0.8012546300888062	459.11163779163235	519.1069109561955	1	1	0	1	0	1	0	1	0	0
10795.555699999997	0.5555712580680847	0.2892228364944458	0.1826154887676239	0.7694785594940186	0.913232684135437	0.8012546300888062	446.9384681845464	527.1153070969783	1	1	0	1	0	1	0	1	0	0
10829.519099999998	0.5555712580680847	0.2892228364944458	0.1826154887676239	0.7694785594940186	0.913232684135437	0.8012546300888062	446.9384681845464	527.1153070969783	1	1	0	1	0	1	0	1	0	0
10864.532499999994	0.5555712580680847	0.2892228364944458	0.1826154887676239	0.7694785594940186	0.913232684135437	0.8012546300888062	446.9384681845464	527.1153070969783	1	1	0	1	0	1	0	1	0	0
10898.5343	0.5555712580680847	0.2892228364944458	0.1826154887676239	0.7694785594940186	0.913232684135437	0.8012546300888062	446.9384681845464	527.1153070969783	1	1	0	1	0	1	0	1	0	0
10932.479499999994	0.546845555305481	0.29199695587158203	0.17321762442588806	0.7605272531509399	0.9181170463562012	0.8037850856781006	436.852805882937	533.1686639816035	1	1	0	1	0	1	0	1	0	0
10966.5069	0.546845555305481	0.29199695587158203	0.17321762442588806	0.7605272531509399	0.9181170463562012	0.8037850856781006	436.852805882937	533.1686639816035	1	1	0	1	0	1	0	1	0	0
11000.621299999999	0.546845555305481	0.29199695587158203	0.17321762442588806	0.7605272531509399	0.9181170463562012	0.8037850856781006	436.852805882937	533.1686639816035	1	1	0	1	0	1	0	1	0	0
11034.682399999998	0.546845555305481	0.29199695587158203	0.17321762442588806	0.7605272531509399	0.9181170463562012	0.8037850856781006	436.852805882937	533.1686639816035	1	1	0	1	0	1	0	1	0	0
11071.681999999993	0.546845555305481	0.29199695587158203	0.17321762442588806	0.7605272531509399	0.9181170463562012	0.8037850856781006	428.7153725484316	537.413719173442	1	1	0	1	0	1	0	1	0	0
11106.6184	0.546845555305481	0.29199695587158203	0.17321762442588806	0.7605272531509399	0.9181170463562012	0.8037850856781006	428.7153725484316	537.413719173442	1	1	0	1	0	1	0	1	0	0
11140.676499999994	0.546845555305481	0.29199695587158203	0.17321762442588806	0.7605272531509399	0.9181170463562012	0.8037850856781006	428.7153725484316	537.413719173442	1	1	0	1	0	1	0	1	0	0
11174.627199999995	0.546845555305481	0.29199695587158203	0.17321762442588806	0.7605272531509399	0.9181170463562012	0.8037850856781006	428.7153725484316	537.413719173442	1	1	0	1	0	1	0	1	0	0
11208.559199999996	0.548034131526947	0.289695143699646	0.16239851713180542	0.777604341506958	0.9085425138473511	0.805797815322876	422.4091435550921	540.066336505428	1	1	0	1	0	1	0	1	0	0
11242.673199999997	0.548034131526947	0.289695143699646	0.16239851713180542	0.777604341506958	0.9085425138473511	0.805797815322876	422.4091435550921	540.066336505428	1	1	0	1	0	1	0	1	0	0
11276.677299999996	0.548034131526947	0.289695143699646	0.16239851713180542	0.777604341506958	0.9085425138473511	0.805797815322876	422.4091435550921	540.066336505428	1	1	0	1	0	1	0	1	0	0
11312.1227	0.548034131526947	0.289695143699646	0.16239851713180542	0.777604341506958	0.9085425138473511	0.805797815322876	422.4091435550921	540.066336505428	1	1	0	1	0	1	0	1	0	0
11345.663999999997	0.5431753993034363	0.29510343074798584	0.16644158959388733	0.7659119367599487	0.909178614616394	0.8098177313804626	417.8311798433693	541.3746797886728	1	1	0	1	0	1	0	1	0	0
11379.714899999999	0.5431753993034363	0.29510343074798584	0.16644158959388733	0.7659119367599487	0.909178614616394	0.8098177313804626	417.8311798433693	541.3746797886728	1	1	0	1	0	1	0	1	0	0
11413.637199999997	0.5431753993034363	0.29510343074798584	0.16644158959388733	0.7659119367599487	0.909178614616394	0.8098177313804626	417.8311798433693	541.3746797886728	1	1	0	1	0	1	0	1	0	0
11450.3537	0.5431753993034363	0.29510343074798584	0.16644158959388733	0.7659119367599487	0.909178614616394	0.8098177313804626	417.8311798433693	541.3746797886728	1	1	0	1	0	1	0	1	0	0
11483.646999999997	0.5362950563430786	0.2942946255207062	0.1698974072933197	0.7392452955245972	0.9047067761421204	0.8004003167152405	414.8747346022294	541.5920245850753	1	1	0	1	0	1	0	1	0	0
11517.7074	0.5362950563430786	0.2942946255207062	0.1698974072933197	0.7392452955245972	0.9047067761421204	0.8004003167152405	414.8747346022294	541.5920245850753	1	1	0	1	0	1	0	1	0	0
11551.6351	0.5362950563430786	0.2942946255207062	0.1698974072933197	0.7392452955245972	0.9047067761421204	0.8004003167152405	414.8747346022294	541.5920245850753	1	1	0	1	0	1	0	1	0	0
11590.677299999996	0.5362950563430786	0.2942946255207062	0.1698974072933197	0.7392452955245972	0.9047067761421204	0.8004003167152405	413.3877395446531	540.9777524513917	1	1	0	1	0	1	0	1	0	0
11625.477599999998	0.5362950563430786	0.2942946255207062	0.1698974072933197	0.7392452955245972	0.9047067761421204	0.8004003167152405	413.3877395446531	540.9777524513917	1	1	0	1	0	1	0	1	0	0
11659.4807	0.5362950563430786	0.2942946255207062	0.1698974072933197	0.7392452955245972	0.9047067761421204	0.8004003167152405	413.3877395446531	540.9777524513917	1	1	0	1	0	1	0	1	0	0
11693.475399999996	0.5362950563430786	0.2942946255207062	0.1698974072933197	0.7392452955245972	0.9047067761421204	0.8004003167152405	413.3877395446531	540.9777524513917	1	1	0	1	0	1	0	1	0	0
11728.363099999995	0.5426767468452454	0.295974999666214	0.17603641748428345	0.7418397665023804	0.9037544131278992	0.7985153198242188	413.1531672456771	539.7866799984057	1	1	0	1	0	1	0	1	0	0
11762.530399999996	0.5426767468452454	0.295974999666214	0.17603641748428345	0.7418397665023804	0.9037544131278992	0.7985153198242188	413.1531672456771	539.7866799984057	1	1	0	1	0	1	0	1	0	0
11796.5392	0.5426767468452454	0.295974999666214	0.17603641748428345	0.7418397665023804	0.9037544131278992	0.7985153198242188	413.1531672456771	539.7866799984057	1	1	0	1	0	1	0	1	0	0
11830.516799999998	0.5426767468452454	0.295974999666214	0.17603641748428345	0.7418397665023804	0.9037544131278992	0.7985153198242188	413.1531672456771	539.7866799984057	1	1	0	1	0	1	0	1	0	0
11864.592799999999	0.5415440201759338	0.290085107088089	0.16188770532608032	0.7563031911849976	0.9143888354301453	0.8105218410491943	413.9014487068839	538.2411307579118	1	1	0	1	0	1	0	1	0	0
11898.352199999994	0.5415440201759338	0.290085107088089	0.16188770532608032	0.7563031911849976	0.9143888354301453	0.8105218410491943	413.9014487068839	538.2411307579118	1	1	0	1	0	1	0	1	0	0
11933.220299999994	0.5415440201759338	0.290085107088089	0.16188770532608032	0.7563031911849976	0.9143888354301453	0.8105218410491943	413.9014487068839	538.2411307579118	1	1	0	1	0	1	0	1	0	0
11968.274299999997	0.5415440201759338	0.290085107088089	0.16188770532608032	0.7563031911849976	0.9143888354301453	0.8105218410491943	413.9014487068839	538.2411307579118	1	1	0	1	0	1	0	1	0	0
12002.177099999994	0.5345091819763184	0.29051172733306885	0.16361597180366516	0.7652853727340698	0.9200590252876282	0.8050333261489868	415.3509995477788	536.5356357907706	1	1	0	1	0	1	0	1	0	0
12036.151299999998	0.5345091819763184	0.29051172733306885	0.16361597180366516	0.7652853727340698	0.9200590252876282	0.8050333261489868	415.3509995477788	536.5356357907706	1	1	0	1	0	1	0	1	0	0
12070.2523	0.5345091819763184	0.29051172733306885	0.16361597180366516	0.7652853727340698	0.9200590252876282	0.8050333261489868	415.3509995477788	536.5356357907706	1	1	0	1	0	1	0	1	0	0
12110.278100000003	0.5345091819763184	0.29051172733306885	0.16361597180366516	0.7652853727340698	0.9200590252876282	0.8050333261489868	415.3509995477788	536.5356357907706	1	1	0	1	0	1	0	1	0	0
12145.604	0.5345091819763184	0.29051172733306885	0.16361597180366516	0.7652853727340698	0.9200590252876282	0.8050333261489868	417.26539486844274	534.8419777818538	1	1	0	1	0	1	0	1	0	0
12179.637299999995	0.5345091819763184	0.29051172733306885	0.16361597180366516	0.7652853727340698	0.9200590252876282	0.8050333261489868	417.26539486844274	534.8419777818538	1	1	0	1	0	1	0	1	0	0
12214.191899999998	0.5345091819763184	0.29051172733306885	0.16361597180366516	0.7652853727340698	0.9200590252876282	0.8050333261489868	417.26539486844274	534.8419777818538	1	1	0	1	0	1	0	1	0	0
12248.2146	0.5345091819763184	0.29051172733306885	0.16361597180366516	0.7652853727340698	0.9200590252876282	0.8050333261489868	417.26539486844274	534.8419777818538	1	1	0	1	0	1	0	1	0	0
12282.188300000002	0.5345091819763184	0.29051172733306885	0.16361597180366516	0.7652853727340698	0.9200590252876282	0.8050333261489868	417.26539486844274	534.8419777818538	1	1	0	1	0	1	0	1	0	0
12316.375299999992	0.5345091819763184	0.29051172733306885	0.16361597180366516	0.7652853727340698	0.9200590252876282	0.8050333261489868	417.26539486844274	534.8419777818538	1	1	0	1	0	1	0	1	0	0
12351.12339999999	0.5345091819763184	0.29051172733306885	0.16361597180366516	0.7652853727340698	0.9200590252876282	0.8050333261489868	417.26539486844274	534.8419777818538	1	1	0	1	0	1	0	1	0	0
12385.366399999992	0.5345091819763184	0.29051172733306885	0.16361597180366516	0.7652853727340698	0.9200590252876282	0.8050333261489868	417.26539486844274	534.8419777818538	1	1	0	1	0	1	0	1	0	0
12419.365299999998	0.5345091819763184	0.29051172733306885	0.16361597180366516	0.7652853727340698	0.9200590252876282	0.8050333261489868	417.26539486844274	534.8419777818538	1	1	0	1	0	1	0	1	0	0
12454.460100000004	0.5345091819763184	0.29051172733306885	0.16361597180366516	0.7652853727340698	0.9200590252876282	0.8050333261489868	417.26539486844274	534.8419777818538	1	1	0	1	0	1	0	1	0	0
12489.381099999991	0.5345091819763184	0.29051172733306885	0.16361597180366516	0.7652853727340698	0.9200590252876282	0.8050333261489868	417.26539486844274	534.8419777818538	1	1	0	1	0	1	0	1	0	0
12523.377799999995	0.5345091819763184	0.29051172733306885	0.16361597180366516	0.7652853727340698	0.9200590252876282	0.8050333261489868	417.26539486844274	534.8419777818538	1	1	0	1	0	1	0	1	0	0
12557.389900000002	0.5345091819763184	0.29051172733306885	0.16361597180366516	0.7652853727340698	0.9200590252876282	0.8050333261489868	417.26539486844274	534.8419777818538	1	1	0	1	0	1	0	1	0	0
