4.646269977092742920e-01 3.166948556900024414e-01 3.545694351196289062e-01 6.071562170982360840e-01 6.188782453536987305e-01 5.452435612678527832e-01
4.287538528442382812e-01 3.162838220596313477e-01 3.403047919273376465e-01 6.089121699333190918e-01 6.016786694526672363e-01 5.347773432731628418e-01
4.055830240249633789e-01 3.108447194099426270e-01 3.407093882560729980e-01 6.254801154136657715e-01 5.973434448242187500e-01 5.267027020454406738e-01
4.041734635829925537e-01 2.972481250762939453e-01 3.431698977947235107e-01 6.145105957984924316e-01 6.004325747489929199e-01 5.199725031852722168e-01
4.125528335571289062e-01 2.748981118202209473e-01 3.474811911582946777e-01 6.051488518714904785e-01 6.080287694931030273e-01 5.118930339813232422e-01
4.379593133926391602e-01 2.541440129280090332e-01 3.561294674873352051e-01 5.885888338088989258e-01 6.218807697296142578e-01 5.151323080062866211e-01
4.792170226573944092e-01 2.471551895141601562e-01 3.688827157020568848e-01 5.600737929344177246e-01 6.340446472167968750e-01 5.250098109245300293e-01
4.951070547103881836e-01 2.420524805784225464e-01 3.775261044502258301e-01 5.579391121864318848e-01 6.398199796676635742e-01 5.248525142669677734e-01
5.139700174331665039e-01 2.497636526823043823e-01 3.840832114219665527e-01 5.702447295188903809e-01 6.457998752593994141e-01 5.462617278099060059e-01
5.238260030746459961e-01 2.581049799919128418e-01 3.878310024738311768e-01 5.675916671752929688e-01 6.568309664726257324e-01 5.721887350082397461e-01
5.142500400543212891e-01 2.866527438163757324e-01 3.830925822257995605e-01 5.845945477485656738e-01 6.484984159469604492e-01 5.803966522216796875e-01
4.993743300437927246e-01 2.920508980751037598e-01 3.806813359260559082e-01 5.870480537414550781e-01 6.431947350502014160e-01 5.674624443054199219e-01
4.606361091136932373e-01 3.155192136764526367e-01 3.617291152477264404e-01 6.112374067306518555e-01 6.272888779640197754e-01 5.735949873924255371e-01
4.311759769916534424e-01 3.074699640274047852e-01 3.401950299739837646e-01 6.245363950729370117e-01 6.062495708465576172e-01 5.474684238433837891e-01
3.964733779430389404e-01 2.995102405548095703e-01 3.193646967411041260e-01 6.412879824638366699e-01 5.837739109992980957e-01 5.326748490333557129e-01
3.889986574649810791e-01 2.802721261978149414e-01 3.097817301750183105e-01 6.273465156555175781e-01 5.768671035766601562e-01 5.267325639724731445e-01
3.885821998119354248e-01 2.774663567543029785e-01 3.102443516254425049e-01 6.203272342681884766e-01 5.780617594718933105e-01 5.282492041587829590e-01
4.002627730369567871e-01 2.606792449951171875e-01 3.111775219440460205e-01 6.067199707031250000e-01 5.760478377342224121e-01 5.318808555603027344e-01
4.014125764369964600e-01 2.563710808753967285e-01 3.103559613227844238e-01 6.091691255569458008e-01 5.792330503463745117e-01 5.302798151969909668e-01
4.119725525379180908e-01 2.550090551376342773e-01 3.185906112194061279e-01 5.899738669395446777e-01 5.856338143348693848e-01 5.364924669265747070e-01
4.449424445629119873e-01 2.545015811920166016e-01 3.350180983543395996e-01 5.519506335258483887e-01 6.064086556434631348e-01 5.292488336563110352e-01
4.621152877807617188e-01 2.534891963005065918e-01 3.541747331619262695e-01 5.411669611930847168e-01 6.200543642044067383e-01 5.350160002708435059e-01
4.816158413887023926e-01 2.592893838882446289e-01 3.699657022953033447e-01 5.528661608695983887e-01 6.276227235794067383e-01 5.423832535743713379e-01
5.112417936325073242e-01 2.527158260345458984e-01 3.779321908950805664e-01 5.514836311340332031e-01 6.449438333511352539e-01 5.593928098678588867e-01
5.300063490867614746e-01 2.623410820960998535e-01 3.934580981731414795e-01 5.834376811981201172e-01 6.659660339355468750e-01 5.690208673477172852e-01
5.441265106201171875e-01 2.709795236587524414e-01 4.006152451038360596e-01 6.061359643936157227e-01 6.753369569778442383e-01 5.730806589126586914e-01
5.584471821784973145e-01 2.947242856025695801e-01 4.064242541790008545e-01 6.258765459060668945e-01 6.793919205665588379e-01 5.787403583526611328e-01
5.682761073112487793e-01 3.245542645454406738e-01 4.054401516914367676e-01 6.248024106025695801e-01 6.790355443954467773e-01 5.944528579711914062e-01
5.664170980453491211e-01 3.292847275733947754e-01 4.030379056930541992e-01 6.167195439338684082e-01 6.752648949623107910e-01 5.997951626777648926e-01
5.506001114845275879e-01 3.387418985366821289e-01 3.909198045730590820e-01 6.013522744178771973e-01 6.652972698211669922e-01 6.050560474395751953e-01
5.334049463272094727e-01 3.396925926208496094e-01 3.841189146041870117e-01 5.898062586784362793e-01 6.530907154083251953e-01 6.013998389244079590e-01
5.039129257202148438e-01 3.649092912673950195e-01 3.652657568454742432e-01 5.903162956237792969e-01 6.352285742759704590e-01 6.046251654624938965e-01
4.736396074295043945e-01 3.662620186805725098e-01 3.545835614204406738e-01 5.832954049110412598e-01 6.193513870239257812e-01 6.015648841857910156e-01
4.483663439750671387e-01 3.602514863014221191e-01 3.446016609668731689e-01 5.960696935653686523e-01 6.076806783676147461e-01 5.949688553810119629e-01
4.250343441963195801e-01 3.540775179862976074e-01 3.317711651325225830e-01 6.009088158607482910e-01 5.996236801147460938e-01 5.701248645782470703e-01
4.026358723640441895e-01 3.278520703315734863e-01 3.245064914226531982e-01 6.132012605667114258e-01 5.905382633209228516e-01 5.490536093711853027e-01
3.940886557102203369e-01 3.190499544143676758e-01 3.215365409851074219e-01 6.216386556625366211e-01 5.904653668403625488e-01 5.422530770301818848e-01
3.948218524456024170e-01 3.117294311523437500e-01 3.297428190708160400e-01 6.017577052116394043e-01 5.918434858322143555e-01 5.331004858016967773e-01
4.011802077293395996e-01 3.015753626823425293e-01 3.284973502159118652e-01 6.165576577186584473e-01 6.027310490608215332e-01 5.330107212066650391e-01
4.137905836105346680e-01 2.881903052330017090e-01 3.361825942993164062e-01 6.050472855567932129e-01 6.086709499359130859e-01 5.404965877532958984e-01
4.374423027038574219e-01 2.872775197029113770e-01 3.479742407798767090e-01 5.989367961883544922e-01 6.219851374626159668e-01 5.365110635757446289e-01
4.409057497978210449e-01 2.784718871116638184e-01 3.484428524971008301e-01 6.021232604980468750e-01 6.212074756622314453e-01 5.347368121147155762e-01
4.631307721138000488e-01 2.702317833900451660e-01 3.585027754306793213e-01 5.970689654350280762e-01 6.278138756752014160e-01 5.401729941368103027e-01
4.833226799964904785e-01 2.607871294021606445e-01 3.671630620956420898e-01 5.794141292572021484e-01 6.427325606346130371e-01 5.527642965316772461e-01
5.134910345077514648e-01 2.578930258750915527e-01 3.782456219196319580e-01 5.833753347396850586e-01 6.550165414810180664e-01 5.507728457450866699e-01
5.367879271507263184e-01 2.527459263801574707e-01 3.873907327651977539e-01 5.883199572563171387e-01 6.614979505538940430e-01 5.562604069709777832e-01
5.499368906021118164e-01 2.508493065834045410e-01 3.978228569030761719e-01 5.867124199867248535e-01 6.676003932952880859e-01 5.657726526260375977e-01
5.725820064544677734e-01 2.492441534996032715e-01 4.057771563529968262e-01 5.844331383705139160e-01 6.713356375694274902e-01 5.742951035499572754e-01
5.959978699684143066e-01 2.486553937196731567e-01 4.075930416584014893e-01 5.780082345008850098e-01 6.672528386116027832e-01 5.741959214210510254e-01
6.055997610092163086e-01 2.546865344047546387e-01 4.082676172256469727e-01 5.888850092887878418e-01 6.714099645614624023e-01 5.768668651580810547e-01
6.081067323684692383e-01 2.599902749061584473e-01 4.010957181453704834e-01 5.954777598381042480e-01 6.658945083618164062e-01 5.696315169334411621e-01
5.966076254844665527e-01 2.606558203697204590e-01 3.933483064174652100e-01 5.917847752571105957e-01 6.632581949234008789e-01 5.691461563110351562e-01
5.911250710487365723e-01 2.567077875137329102e-01 3.906659483909606934e-01 5.944869518280029297e-01 6.580320596694946289e-01 5.610916018486022949e-01
5.575586557388305664e-01 2.531512975692749023e-01 3.832343816757202148e-01 5.914052128791809082e-01 6.453026533126831055e-01 5.443664193153381348e-01
5.459085106849670410e-01 2.548034191131591797e-01 3.770204186439514160e-01 5.954401493072509766e-01 6.414961218833923340e-01 5.393895506858825684e-01
5.245872139930725098e-01 2.440356463193893433e-01 3.660050630569458008e-01 5.873968005180358887e-01 6.313871741294860840e-01 5.330120325088500977e-01
4.903482496738433838e-01 2.366949915885925293e-01 3.586370348930358887e-01 5.807964205741882324e-01 6.217441558837890625e-01 5.232048034667968750e-01
4.787905514240264893e-01 2.375904172658920288e-01 3.610583841800689697e-01 5.843188166618347168e-01 6.259471178054809570e-01 5.362405776977539062e-01
4.423041641712188721e-01 2.246038913726806641e-01 3.516076207160949707e-01 5.873779654502868652e-01 6.270169019699096680e-01 5.361257791519165039e-01
4.338471293449401855e-01 2.382709383964538574e-01 3.545315861701965332e-01 5.869995951652526855e-01 6.245246529579162598e-01 5.331377387046813965e-01
4.341970086097717285e-01 2.268978357315063477e-01 3.570127189159393311e-01 5.829703211784362793e-01 6.234022974967956543e-01 5.267163515090942383e-01
4.273718595504760742e-01 2.549084424972534180e-01 3.587844073772430420e-01 5.767678022384643555e-01 6.255460381507873535e-01 5.282214283943176270e-01
4.325293302536010742e-01 2.757649421691894531e-01 3.615778088569641113e-01 5.633565783500671387e-01 6.306214928627014160e-01 5.372668504714965820e-01
4.347724318504333496e-01 2.945110797882080078e-01 3.682380020618438721e-01 5.698544979095458984e-01 6.341723203659057617e-01 5.437499880790710449e-01
